1
-1
-1
0
-1
0
-1
0
-4
0
0
-1
-1
0
-12
0
-10
-1
-1
-1
0
-1
-3
-1
-1
-1
-14
-1
0
1
-1
-8
-2
-1
1
-1
0
-1
0
-6
0
-6
-1
0
0
-5
-1
2
-5
-1
0
0
-6
1
-2
2
-2
0
2
-7
0
-1
-7
-1
-1
0
1
1
0
0
2
-7
2
-3
2
1
0
0
0
1
0
0
-3
1
1
0
-1
0
-2
-5
-1
-6
2
-1
2
0
2
2
2
1
0
0
2
2
-4
0
1
1
0
2
2
2
0
-6
1
2
2
2
-1
2
2
0
1
1
2
2
2
0
0
2
2
0
0
-3
1
-10
0
0
2
0
2
-3
2
2
2
2
-1
0
2
2
1
1
2
2
0
-1
2
2
1
2
2
2
2
2
2
0
1
2
2
0
0
2
2
2
2
0
2
0
2
2
2
2
2
2
2
2
1
2
2
2
2
3
2
2
0
2
2
2
2
2
2
3
2
1
2
3
0
2
-1
2
1
2
2
-1
1
2
2
3
2
2
2
2
2
2
0
2
2
2
2
1
2
2
2
2
1
1
2
2
3
0
2
2
2
2
3
2
2
2
2
1
2
2
2
2
2
2
2
3
2
2
2
2
2
2
1
2
3
3
2
2
3
2
1
2
2
2
2
1
2
2
2
3
3
2
2
2
2
3
3
2
3
2
2
2
2
1
2
2
3
2
2
2
3
2
2
2
2
3
2
2
2
2
2
2
2
2
0
2
2
2
2
2
3
2
2
2
3
2
2
1
2
2
2
1
2
3
2
1
2
2
3
2
2
2
3
3
2
2
2
2
2
2
2
3
2
0
-3
2
2
3
2
2
2
0
1
1
3
2
2
2
0
2
2
3
2
2
3
3
2
3
2
3
3
2
3
2
2
2
3
2
3
2
2
3
2
3
2
2
2
2
3
0
1
2
3
2
3
2
2
2
3
3
2
2
2
2
2
0
3
2
3
2
2
2
2
2
2
-3
0
2
3
2
2
2
2
2
-3
3
2
3
1
2
2
3
2
3
2
2
2
2
2
2
2
3
2
2
3
2
2
2
2
2
2
2
0
2
3
2
3
2
2
3
2
2
2
2
2
2
2
2
3
2
2
2
3
2
3
0
2
2
3
3
-3
2
2
3
2
2
2
2
2
3
2
2
2
2
2
2
2
2
2
2
2
3
0
2
3
2
2
2
3
